C
10
3.106489322338315e-17 4.07137970119721e-19 2.0883782937905686e-17 3.355561962882145e-17 3.308195584659066e-17 1.2049155089556187e-17 1.6071305689791208e-17 1.48315971811015e-17 2.5223594290971045e-17 3.6215820540612676e-18 
0.19980334046803164 0.22738967468741636 0.2552851236773048 0.2713712270861124 0.6054781565575665 0.7622853394041076 0.9275756866462698 0.14712029380525696 0.14266530068821476 0.11241002563918108 
0.003016480060412908 0.00432348476911756 0.0048800676520958704 0.005826196969647062 0.5364634333483664 0.6774559363585396 0.2989075929166125 0.006835787609941758 0.004802881639434549 0.005455837660281359 
0.28983039129645033 0.15464983134091506 0.06191347180057433 0.022189012446591445 0.7792128926685441 0.5978953161207251 0.4733515736630253 0.013602898131170583 0.018749920024792133 0.014140667555001618 
6.499305740002656e-17 2.892542310589129e-17 3.377781584127241e-17 2.1800175999735616e-17 3.380575668235905e-17 4.3768662304112224e-17 3.2690784071377593e-18 8.098519737340561e-17 6.973235625481888e-18 1.0966114868388039e-17 
6.499305740002656e-17 2.892542310589129e-17 3.377781584127241e-17 2.1800175999735616e-17 3.380575668235905e-17 4.3768662304112224e-17 3.2690784071377593e-18 8.098519737340561e-17 6.973235625481888e-18 1.0966114868388039e-17 
0.28983039129645033 0.15464983134091506 0.06191347180057433 0.022189012446591445 0.7792128926685441 0.5978953161207251 0.4733515736630253 0.013602898131170583 0.018749920024792133 0.014140667555001618 
0.003016480060412908 0.00432348476911756 0.0048800676520958704 0.005826196969647062 0.5364634333483664 0.6774559363585396 0.2989075929166125 0.006835787609941758 0.004802881639434549 0.005455837660281359 
0.19980334046803164 0.22738967468741636 0.2552851236773048 0.2713712270861124 0.6054781565575665 0.7622853394041076 0.9275756866462698 0.14712029380525696 0.14266530068821476 0.11241002563918108 
3.106489322338315e-17 4.07137970119721e-19 2.0883782937905686e-17 3.355561962882145e-17 3.308195584659066e-17 1.2049155089556187e-17 1.6071305689791208e-17 1.48315971811015e-17 2.5223594290971045e-17 3.6215820540612676e-18 

C
10
3.3885111891914922e-18 3.7813244831326474e-18 -5.875020522155827e-18 -3.969874017191455e-18 4.172034311921455e-18 -4.976487971708466e-18 -1.5873397431545588e-18 -1.4661434456182559e-18 -2.752857078576476e-18 -1.626787277555259e-18 
-2.5614276324970042e-18 -2.365763021681261e-18 -3.3090753806067997e-19 8.244454019941856e-20 -5.149960319306146e-19 4.946672411965114e-19 4.438452643612534e-19 2.65121312490596e-19 1.2536087619363645e-18 1.0474091788391458e-19 
-4.619153005693451e-19 -1.976410210260034e-19 4.348102462572074e-19 9.32865619242736e-19 5.104785228785916e-19 -1.6872896309305663e-18 8.289629110462085e-19 1.5924219408380846e-18 -5.72594272343907e-19 -4.5175090520229414e-20 
-2.3810096147318383e-18 -2.718975760686304e-19 -3.86839947011039e-18 -1.6223504383077365e-18 -2.9589684290750224e-19 -7.431302390577728e-19 3.5151867311053464e-19 9.825582188149884e-19 1.599198204416119e-18 -6.877907531704919e-18 
nan 4.194454215244092e-18 3.805489627257023e-18 3.6496955631293295e-18 3.1170812458958252e-18 3.332982003217066e-18 2.7450643754617367e-18 1.5675191721888083e-18 2.0782659221673635e-18 2.075230720773036e-18 
nan 4.194454215244092e-18 3.805489627257023e-18 3.6496955631293295e-18 3.1170812458958252e-18 3.332982003217066e-18 2.7450643754617367e-18 1.5675191721888083e-18 2.0782659221673635e-18 2.075230720773036e-18 
-2.3810096147318383e-18 -2.718975760686304e-19 -3.86839947011039e-18 -1.6223504383077365e-18 -2.9589684290750224e-19 -7.431302390577728e-19 3.5151867311053464e-19 9.825582188149884e-19 1.599198204416119e-18 -6.877907531704919e-18 
-4.619153005693451e-19 -1.976410210260034e-19 4.348102462572074e-19 9.32865619242736e-19 5.104785228785916e-19 -1.6872896309305663e-18 8.289629110462085e-19 1.5924219408380846e-18 -5.72594272343907e-19 -4.5175090520229414e-20 
-2.5614276324970042e-18 -2.365763021681261e-18 -3.3090753806067997e-19 8.244454019941856e-20 -5.149960319306146e-19 4.946672411965114e-19 4.438452643612534e-19 2.65121312490596e-19 1.2536087619363645e-18 1.0474091788391458e-19 
3.3885111891914922e-18 3.7813244831326474e-18 -5.875020522155827e-18 -3.969874017191455e-18 4.172034311921455e-18 -4.976487971708466e-18 -1.5873397431545588e-18 -1.4661434456182559e-18 -2.752857078576476e-18 -1.626787277555259e-18 

C
10
3.3885111891914922e-18 3.7813244831326474e-18 -5.875020522155827e-18 -3.969874017191455e-18 4.172034311921455e-18 -4.976487971708466e-18 -1.5873397431545588e-18 -1.4661434456182559e-18 -2.752857078576476e-18 -1.626787277555259e-18 
-2.5614276324970042e-18 -2.365763021681261e-18 -3.3090753806067997e-19 8.244454019941856e-20 -5.149960319306146e-19 4.946672411965114e-19 4.438452643612534e-19 2.65121312490596e-19 1.2536087619363645e-18 1.0474091788391458e-19 
-4.619153005693451e-19 -1.976410210260034e-19 4.348102462572074e-19 9.32865619242736e-19 5.104785228785916e-19 -1.6872896309305663e-18 8.289629110462085e-19 1.5924219408380846e-18 -5.72594272343907e-19 -4.5175090520229414e-20 
-2.3810096147318383e-18 -2.718975760686304e-19 -3.86839947011039e-18 -1.6223504383077365e-18 -2.9589684290750224e-19 -7.431302390577728e-19 3.5151867311053464e-19 9.825582188149884e-19 1.599198204416119e-18 -6.877907531704919e-18 
nan 4.194454215244092e-18 3.805489627257023e-18 3.6496955631293295e-18 3.1170812458958252e-18 3.332982003217066e-18 2.7450643754617367e-18 1.5675191721888083e-18 2.0782659221673635e-18 2.075230720773036e-18 
nan 4.194454215244092e-18 3.805489627257023e-18 3.6496955631293295e-18 3.1170812458958252e-18 3.332982003217066e-18 2.7450643754617367e-18 1.5675191721888083e-18 2.0782659221673635e-18 2.075230720773036e-18 
-2.3810096147318383e-18 -2.718975760686304e-19 -3.86839947011039e-18 -1.6223504383077365e-18 -2.9589684290750224e-19 -7.431302390577728e-19 3.5151867311053464e-19 9.825582188149884e-19 1.599198204416119e-18 -6.877907531704919e-18 
-4.619153005693451e-19 -1.976410210260034e-19 4.348102462572074e-19 9.32865619242736e-19 5.104785228785916e-19 -1.6872896309305663e-18 8.289629110462085e-19 1.5924219408380846e-18 -5.72594272343907e-19 -4.5175090520229414e-20 
-2.5614276324970042e-18 -2.365763021681261e-18 -3.3090753806067997e-19 8.244454019941856e-20 -5.149960319306146e-19 4.946672411965114e-19 4.438452643612534e-19 2.65121312490596e-19 1.2536087619363645e-18 1.0474091788391458e-19 
3.3885111891914922e-18 3.7813244831326474e-18 -5.875020522155827e-18 -3.969874017191455e-18 4.172034311921455e-18 -4.976487971708466e-18 -1.5873397431545588e-18 -1.4661434456182559e-18 -2.752857078576476e-18 -1.626787277555259e-18 

C
10
nan nan nan nan nan nan nan nan nan nan 
0.0 0.0 0.0 0.0 0.0 0.0 0.0 0.0 0.0 0.0 
0.0 0.0 0.0 0.0 0.0 0.0 0.0 0.0 0.0 0.0 
0.0 0.0 0.0 0.0 0.0 0.0 0.0 0.0 0.0 0.0 
nan nan nan nan nan nan nan nan nan nan 
nan nan nan nan nan nan nan nan nan nan 
0.0 0.0 0.0 0.0 0.0 0.0 0.0 0.0 0.0 0.0 
0.0 0.0 0.0 0.0 0.0 0.0 0.0 0.0 0.0 0.0 
0.0 0.0 0.0 0.0 0.0 0.0 0.0 0.0 0.0 0.0 
nan nan nan nan nan nan nan nan nan nan 

C
10
0 0 0 0 0 0 0 0 0 0 
0.010554318570321672 0.014179065685093702 0.022611597886399264 0.026746829424257892 0.03647005628204332 0.03839089528409625 0.027946467011605393 0.015547413937417253 0.01425933964905793 0.013509749639158486 
0.025740561767296527 0.02658928009820158 0.028582935757483316 0.033948952124136074 0.045309037954719175 0.04530903944702887 0.03394895095716457 0.02858292933385566 0.026589281701923307 0.025740599053491374 
0.013509749904927738 0.014259339565245265 0.015547414197107574 0.02794646544155751 0.038390896638375624 0.0364700566490956 0.026746830028247175 0.02261159846456795 0.014179066167700177 0.010554318604922322 
0 0 0 0 0 0 0 0 0 0 
0 0 0 0 0 0 0 0 0 0 
-0.013509749904927738 -0.014259339565245265 -0.015547414197107574 -0.02794646544155751 -0.038390896638375624 -0.0364700566490956 -0.026746830028247175 -0.02261159846456795 -0.014179066167700177 -0.010554318604922322 
-0.025740561767296527 -0.02658928009820158 -0.028582935757483316 -0.033948952124136074 -0.045309037954719175 -0.04530903944702887 -0.03394895095716457 -0.02858292933385566 -0.026589281701923307 -0.025740599053491374 
-0.010554318570321672 -0.014179065685093702 -0.022611597886399264 -0.026746829424257892 -0.03647005628204332 -0.03839089528409625 -0.027946467011605393 -0.015547413937417253 -0.01425933964905793 -0.013509749639158486 
0 0 0 0 0 0 0 0 0 0 

C
10
0 0 0 0 0 0 0 0 0 0 
0.010851021290978263 0.01302358171196588 0.015468925996772999 0.01987718575880748 0.034912772656135356 0.036742667468155556 -0.021407288182637037 -0.015191286235531492 -0.012349724718254325 -0.014783590010492105 
0.019037484781066934 0.019776692294696065 0.021550666840754587 0.027364132979537097 0.04276843605474863 0.045391904125656 0.013395346728198924 0.007602837765309453 0.005088448460761767 0.003843829365246533 
-0.002033824402434343 0.008165287497670695 0.012072204106447779 0.02340112753594189 0.03599789332585319 0.03789432394388616 0.009709445228250815 0.005319194276745851 0.0033887410402409154 0.002460229623820203 
0 0 0 0 0 0 0 0 0 0 
0 0 0 0 0 0 0 0 0 0 
0.002033824402434343 -0.008165287497670695 -0.012072204106447779 -0.02340112753594189 -0.03599789332585319 -0.03789432394388616 -0.009709445228250815 -0.005319194276745851 -0.0033887410402409154 -0.002460229623820203 
-0.019037484781066934 -0.019776692294696065 -0.021550666840754587 -0.027364132979537097 -0.04276843605474863 -0.045391904125656 -0.013395346728198924 -0.007602837765309453 -0.005088448460761767 -0.003843829365246533 
-0.010851021290978263 -0.01302358171196588 -0.015468925996772999 -0.01987718575880748 -0.034912772656135356 -0.036742667468155556 0.021407288182637037 0.015191286235531492 0.012349724718254325 0.014783590010492105 
0 0 0 0 0 0 0 0 0 0 

C
10
0 0 0 0 0 0 0 0 0 0 
-0.025794416227201983 -0.024594637633090756 -0.026861962481745914 -0.027265538348390985 0.03648505285035205 0.03753637796819391 0.026500000144193677 -0.01897300853579438 -0.016327104110614554 -0.014900994377830058 
0.013520447004520687 0.014359194280653893 0.015650965045797625 0.022444172842296883 0.04565394624792931 0.04412842426567653 0.014647754572494147 0.006284471382411639 0.004289379068882693 0.0030595861042241337 
-0.02726335653194959 -0.03272744919546073 -0.03452644835785867 0.017245451268389923 0.041713507630852485 0.038584687174686084 0.01506311779335456 -0.01124782448353014 -0.006060425722486771 -0.003165531054465082 
0 0 0 0 0 0 0 0 0 0 
0 0 0 0 0 0 0 0 0 0 
0.02726335653194959 0.03272744919546073 0.03452644835785867 -0.017245451268389923 -0.041713507630852485 -0.038584687174686084 -0.01506311779335456 0.01124782448353014 0.006060425722486771 0.003165531054465082 
-0.013520447004520687 -0.014359194280653893 -0.015650965045797625 -0.022444172842296883 -0.04565394624792931 -0.04412842426567653 -0.014647754572494147 -0.006284471382411639 -0.004289379068882693 -0.0030595861042241337 
0.025794416227201983 0.024594637633090756 0.026861962481745914 0.027265538348390985 -0.03648505285035205 -0.03753637796819391 -0.026500000144193677 0.01897300853579438 0.016327104110614554 0.014900994377830058 
0 0 0 0 0 0 0 0 0 0 

C
10
0 0 0 0 0 0 0 0 0 0 
0.012086543533260644 0.012979607180377694 0.012975611139457926 0.019177725426675857 0.04054729866145581 0.042469306221128995 -0.03680961678777403 0.014546691111360081 0.011112922455681903 0.004945061916075286 
0.01284451699509709 0.013965171691947519 0.016234128740127005 0.022443810176585838 0.04739893359545265 0.048175860445697015 -0.04766087477021308 -0.036662153862096945 -0.03247402834841431 -0.03033729496644054 
0.004957669186557249 0.010465348497024992 0.012481480217797936 0.017694574712994952 0.04049908605375549 0.04199103975076153 -0.04124566122697725 -0.0323946276434845 -0.028705781203026068 -0.026924815698478825 
0 0 0 0 0 0 0 0 0 0 
0 0 0 0 0 0 0 0 0 0 
-0.004957669186557249 -0.010465348497024992 -0.012481480217797936 -0.017694574712994952 -0.04049908605375549 -0.04199103975076153 0.04124566122697725 0.0323946276434845 0.028705781203026068 0.026924815698478825 
-0.01284451699509709 -0.013965171691947519 -0.016234128740127005 -0.022443810176585838 -0.04739893359545265 -0.048175860445697015 0.04766087477021308 0.036662153862096945 0.03247402834841431 0.03033729496644054 
-0.012086543533260644 -0.012979607180377694 -0.012975611139457926 -0.019177725426675857 -0.04054729866145581 -0.042469306221128995 0.03680961678777403 -0.014546691111360081 -0.011112922455681903 -0.004945061916075286 
0 0 0 0 0 0 0 0 0 0 

C
10
0 0 0 0 0 0 0 0 0 0 
-1.2889815415788053e-07 -5.416082255283061e-07 -3.390335890338613e-06 -3.882746849731306e-05 -0.000594668942308579 -1.4335216891467718e-05 1.606688483519472e-05 1.996861617836623e-06 3.7111469204078317e-07 9.605757753744689e-08 
2.2230500103775186e-10 4.839989958771515e-10 4.893958497134798e-09 8.31756140110756e-10 4.2242257763162054e-10 -1.3209606408839017e-09 -2.7411696238019073e-09 -8.709922838857092e-09 -1.2218059231760369e-09 -4.910266296703018e-10 
9.602565781536306e-08 3.710832547980658e-07 1.9968481906315768e-06 1.6066865376134777e-05 -1.4335193473467086e-05 -0.0005946689343400674 -3.882749480778726e-05 -3.3903806125009075e-06 -5.416704613498478e-07 -1.289226064785169e-07 
0 0 0 0 0 0 0 0 0 0 
0 0 0 0 0 0 0 0 0 0 
-9.602565781536306e-08 -3.710832547980658e-07 -1.9968481906315768e-06 -1.6066865376134777e-05 1.4335193473467086e-05 0.0005946689343400674 3.882749480778726e-05 3.3903806125009075e-06 5.416704613498478e-07 1.289226064785169e-07 
-2.2230500103775186e-10 -4.839989958771515e-10 -4.893958497134798e-09 -8.31756140110756e-10 -4.2242257763162054e-10 1.3209606408839017e-09 2.7411696238019073e-09 8.709922838857092e-09 1.2218059231760369e-09 4.910266296703018e-10 
1.2889815415788053e-07 5.416082255283061e-07 3.390335890338613e-06 3.882746849731306e-05 0.000594668942308579 1.4335216891467718e-05 -1.606688483519472e-05 -1.996861617836623e-06 -3.7111469204078317e-07 -9.605757753744689e-08 
0 0 0 0 0 0 0 0 0 0 

C
10
0 0 0 0 0 0 0 0 0 0 
-3.554222329126046e-06 -1.2933435642849565e-05 -7.13044137635707e-05 -0.000789907454030627 -0.013309653231017543 -0.008577583680724327 -0.00041599033181214556 -4.197455372993792e-05 -8.343348101050697e-06 -2.457137150936766e-06 
-4.233380789215994e-06 -1.4954041299747027e-05 -7.948711954946372e-05 -0.0008677066904005636 -0.018100036756904643 -0.018100043575980707 -0.0008677101147891402 -7.948749554533753e-05 -1.4954092203255323e-05 -4.233422987672716e-06 
-2.4571110147601037e-06 -8.343333515494506e-06 -4.197449386024648e-05 -0.0004159896076338628 -0.008577592822554289 -0.013309695622138077 -0.0007899086904258748 -7.130449855343388e-05 -1.2933479526660882e-05 -3.55423130549349e-06 
0 0 0 0 0 0 0 0 0 0 
0 0 0 0 0 0 0 0 0 0 
2.4571110147601037e-06 8.343333515494506e-06 4.197449386024648e-05 0.0004159896076338628 0.008577592822554289 0.013309695622138077 0.0007899086904258748 7.130449855343388e-05 1.2933479526660882e-05 3.55423130549349e-06 
4.233380789215994e-06 1.4954041299747027e-05 7.948711954946372e-05 0.0008677066904005636 0.018100036756904643 0.018100043575980707 0.0008677101147891402 7.948749554533753e-05 1.4954092203255323e-05 4.233422987672716e-06 
3.554222329126046e-06 1.2933435642849565e-05 7.13044137635707e-05 0.000789907454030627 0.013309653231017543 0.008577583680724327 0.00041599033181214556 4.197455372993792e-05 8.343348101050697e-06 2.457137150936766e-06 
0 0 0 0 0 0 0 0 0 0 

C
10
0 0 0 0 0 0 0 0 0 0 
0.010554318570321672 0.014179065685093702 0.022611597886399264 0.026746829424257892 0.03647005628204332 0.03839089528409625 0.027946467011605393 0.015547413937417253 0.01425933964905793 0.013509749639158486 
0.025740561767296527 0.02658928009820158 0.028582935757483316 0.033948952124136074 0.045309037954719175 0.04530903944702887 0.03394895095716457 0.02858292933385566 0.026589281701923307 0.025740599053491374 
0.013509749904927738 0.014259339565245265 0.015547414197107574 0.02794646544155751 0.038390896638375624 0.0364700566490956 0.026746830028247175 0.02261159846456795 0.014179066167700177 0.010554318604922322 
0 0 0 0 0 0 0 0 0 0 
0 0 0 0 0 0 0 0 0 0 
-0.013509749904927738 -0.014259339565245265 -0.015547414197107574 -0.02794646544155751 -0.038390896638375624 -0.0364700566490956 -0.026746830028247175 -0.02261159846456795 -0.014179066167700177 -0.010554318604922322 
-0.025740561767296527 -0.02658928009820158 -0.028582935757483316 -0.033948952124136074 -0.045309037954719175 -0.04530903944702887 -0.03394895095716457 -0.02858292933385566 -0.026589281701923307 -0.025740599053491374 
-0.010554318570321672 -0.014179065685093702 -0.022611597886399264 -0.026746829424257892 -0.03647005628204332 -0.03839089528409625 -0.027946467011605393 -0.015547413937417253 -0.01425933964905793 -0.013509749639158486 
0 0 0 0 0 0 0 0 0 0 

